{"name":"tests::test_bpf_loader_invoke_main","program_id":"BPFLoader2111111111111111111111111111111111","instruction_data":"","feature_set":"[[115,214,236,4,190,18,249,151,124,91,20,35,202,33,95,92,172,124,65,250,209,248,199,127,13,35,0,225,180,166,241,216],[230,2,78,209,74,108,250,214,99,47,156,229,173,225,254,203,10,180,70,250,162,186,83,7,110,72,115,213,177,50,249,138],[202,214,104,179,136,1,25,63,126,212,222,38,220,28,83,43,249,32,7,110,60,224,213,42,141,136,139,37,218,182,136,210],[108,3,35,254,174,85,155,107,15,165,101,193,24,70,64,227,106,146,103,232,5,194,125,139,136,27,94,202,163,175,110,119],[217,249,73,168,234,107,116,33,74,76,20,132,210,115,7,55,193,149,181,220,220,208,7,208,23,43,225,47,255,122,56,79],[212,235,46,203,44,130,191,60,198,171,109,108,188,47,41,3,171,165,87,215,45,196,78,253,188,95,241,192,108,222,162,215],[26,199,65,17,240,68,250,134,63,19,126,166,122,178,212,110,22,16,87,230,150,35,95,39,168,229,240,76,232,241,101,35],[178,179,243,198,180,28,36,75,191,132,217,33,110,103,110,11,69,22,180,214,12,72,233,122,69,38,116,188,157,97,114,224],[66,83,147,215,134,82,32,100,206,150,103,118,192,178,61,210,228,210,129,4,94,122,214,144,238,48,119,1,106,84,110,100],[155,95,162,190,153,253,184,129,125,125,45,207,115,160,246,86,87,234,123,60,106,246,19,89,19,74,47,86,16,17,210,173],[197,150,195,241,93,91,181,155,16,95,244,214,65,44,105,226,220,140,167,223,111,186,39,96,251,62,91,152,70,228,180,239]]","sysvar_cache":{"clock":"","epoch_schedule":"","epoch_rewards":"","fees":"","rent":"","slot_hashes":"","recent_blockhashes":"","stake_history":"","last_restart_slot":""},"backtrace":"   0: solana_program_runtime::invoke_context::mock_process_instruction\n             at /data/jsiegel/repos/solana/program-runtime/src/invoke_context.rs:1355:15\n   1: solana_bpf_loader_program::tests::process_instruction\n             at ./src/lib.rs:1798:9\n   2: solana_bpf_loader_program::tests::test_bpf_loader_invoke_main\n             at ./src/lib.rs:1971:9\n   3: solana_bpf_loader_program::tests::test_bpf_loader_invoke_main::{{closure}}\n             at ./src/lib.rs:1957:38\n   4: core::ops::function::FnOnce::call_once\n             at /rustc/cc66ad468955717ab92600c770da8c1601a4ff33/library/core/src/ops/function.rs:250:5\n   5: core::ops::function::FnOnce::call_once\n             at /rustc/cc66ad468955717ab92600c770da8c1601a4ff33/library/core/src/ops/function.rs:250:5\n   6: test::__rust_begin_short_backtrace\n             at /rustc/cc66ad468955717ab92600c770da8c1601a4ff33/library/test/src/lib.rs:626:18\n   7: test::run_test_in_process::{{closure}}\n             at /rustc/cc66ad468955717ab92600c770da8c1601a4ff33/library/test/src/lib.rs:649:60\n   8: <core::panic::unwind_safe::AssertUnwindSafe<F> as core::ops::function::FnOnce<()>>::call_once\n             at /rustc/cc66ad468955717ab92600c770da8c1601a4ff33/library/core/src/panic/unwind_safe.rs:271:9\n   9: std::panicking::try::do_call\n             at /rustc/cc66ad468955717ab92600c770da8c1601a4ff33/library/std/src/panicking.rs:502:40\n  10: std::panicking::try\n             at /rustc/cc66ad468955717ab92600c770da8c1601a4ff33/library/std/src/panicking.rs:466:19\n  11: std::panic::catch_unwind\n             at /rustc/cc66ad468955717ab92600c770da8c1601a4ff33/library/std/src/panic.rs:142:14\n  12: test::run_test_in_process\n             at /rustc/cc66ad468955717ab92600c770da8c1601a4ff33/library/test/src/lib.rs:649:27\n  13: test::run_test::{{closure}}\n             at /rustc/cc66ad468955717ab92600c770da8c1601a4ff33/library/test/src/lib.rs:572:43\n  14: test::run_test::{{closure}}\n             at /rustc/cc66ad468955717ab92600c770da8c1601a4ff33/library/test/src/lib.rs:600:41\n  15: std::sys_common::backtrace::__rust_begin_short_backtrace\n             at /rustc/cc66ad468955717ab92600c770da8c1601a4ff33/library/std/src/sys_common/backtrace.rs:154:18\n  16: std::thread::Builder::spawn_unchecked_::{{closure}}::{{closure}}\n             at /rustc/cc66ad468955717ab92600c770da8c1601a4ff33/library/std/src/thread/mod.rs:529:17\n  17: <core::panic::unwind_safe::AssertUnwindSafe<F> as core::ops::function::FnOnce<()>>::call_once\n             at /rustc/cc66ad468955717ab92600c770da8c1601a4ff33/library/core/src/panic/unwind_safe.rs:271:9\n  18: std::panicking::try::do_call\n             at /rustc/cc66ad468955717ab92600c770da8c1601a4ff33/library/std/src/panicking.rs:502:40\n  19: std::panicking::try\n             at /rustc/cc66ad468955717ab92600c770da8c1601a4ff33/library/std/src/panicking.rs:466:19\n  20: std::panic::catch_unwind\n             at /rustc/cc66ad468955717ab92600c770da8c1601a4ff33/library/std/src/panic.rs:142:14\n  21: std::thread::Builder::spawn_unchecked_::{{closure}}\n             at /rustc/cc66ad468955717ab92600c770da8c1601a4ff33/library/std/src/thread/mod.rs:528:30\n  22: core::ops::function::FnOnce::call_once{{vtable.shim}}\n             at /rustc/cc66ad468955717ab92600c770da8c1601a4ff33/library/core/src/ops/function.rs:250:5\n  23: <alloc::boxed::Box<F,A> as core::ops::function::FnOnce<Args>>::call_once\n             at /rustc/cc66ad468955717ab92600c770da8c1601a4ff33/library/alloc/src/boxed.rs:2007:9\n  24: <alloc::boxed::Box<F,A> as core::ops::function::FnOnce<Args>>::call_once\n             at /rustc/cc66ad468955717ab92600c770da8c1601a4ff33/library/alloc/src/boxed.rs:2007:9\n  25: std::sys::unix::thread::Thread::new::thread_start\n             at /rustc/cc66ad468955717ab92600c770da8c1601a4ff33/library/std/src/sys/unix/thread.rs:108:17\n  26: start_thread\n             at /usr/src/debug/glibc-2.28-225.el8.x86_64/nptl/pthread_create.c:479:8\n  27: __clone\n             at /usr/src/debug/glibc-2.28-225.el8.x86_64/misc/../sysdeps/unix/sysv/linux/x86_64/clone.S:95\n","transaction_accounts":[],"resulting_accounts":[],"instruction_accounts":[],"expected_result":{"Err":"NotEnoughAccountKeys"}},{"name":"tests::test_bpf_loader_upgradeable_set_buffer_authority","program_id":"BPFLoaderUpgradeab1e11111111111111111111111","instruction_data":"04000000","feature_set":"[[26,199,65,17,240,68,250,134,63,19,126,166,122,178,212,110,22,16,87,230,150,35,95,39,168,229,240,76,232,241,101,35],[217,249,73,168,234,107,116,33,74,76,20,132,210,115,7,55,193,149,181,220,220,208,7,208,23,43,225,47,255,122,56,79],[115,214,236,4,190,18,249,151,124,91,20,35,202,33,95,92,172,124,65,250,209,248,199,127,13,35,0,225,180,166,241,216],[197,150,195,241,93,91,181,155,16,95,244,214,65,44,105,226,220,140,167,223,111,186,39,96,251,62,91,152,70,228,180,239],[230,2,78,209,74,108,250,214,99,47,156,229,173,225,254,203,10,180,70,250,162,186,83,7,110,72,115,213,177,50,249,138],[212,235,46,203,44,130,191,60,198,171,109,108,188,47,41,3,171,165,87,215,45,196,78,253,188,95,241,192,108,222,162,215],[155,95,162,190,153,253,184,129,125,125,45,207,115,160,246,86,87,234,123,60,106,246,19,89,19,74,47,86,16,17,210,173],[202,214,104,179,136,1,25,63,126,212,222,38,220,28,83,43,249,32,7,110,60,224,213,42,141,136,139,37,218,182,136,210],[108,3,35,254,174,85,155,107,15,165,101,193,24,70,64,227,106,146,103,232,5,194,125,139,136,27,94,202,163,175,110,119],[66,83,147,215,134,82,32,100,206,150,103,118,192,178,61,210,228,210,129,4,94,122,214,144,238,48,119,1,106,84,110,100],[178,179,243,198,180,28,36,75,191,132,217,33,110,103,110,11,69,22,180,214,12,72,233,122,69,38,116,188,157,97,114,224]]","sysvar_cache":{"clock":"","epoch_schedule":"","epoch_rewards":"","fees":"","rent":"","slot_hashes":"","recent_blockhashes":"","stake_history":"","last_restart_slot":""},"backtrace":"   0: solana_program_runtime::invoke_context::mock_process_instruction\n             at /data/jsiegel/repos/solana/program-runtime/src/invoke_context.rs:1355:15\n   1: solana_bpf_loader_program::tests::process_instruction\n             at ./src/lib.rs:1798:9\n   2: solana_bpf_loader_program::tests::test_bpf_loader_upgradeable_set_buffer_authority\n             at ./src/lib.rs:3391:24\n   3: solana_bpf_loader_program::tests::test_bpf_loader_upgradeable_set_buffer_authority::{{closure}}\n             at ./src/lib.rs:3353:59\n   4: core::ops::function::FnOnce::call_once\n             at /rustc/cc66ad468955717ab92600c770da8c1601a4ff33/library/core/src/ops/function.rs:250:5\n   5: core::ops::function::FnOnce::call_once\n             at /rustc/cc66ad468955717ab92600c770da8c1601a4ff33/library/core/src/ops/function.rs:250:5\n   6: test::__rust_begin_short_backtrace\n             at /rustc/cc66ad468955717ab92600c770da8c1601a4ff33/library/test/src/lib.rs:626:18\n   7: test::run_test_in_process::{{closure}}\n             at /rustc/cc66ad468955717ab92600c770da8c1601a4ff33/library/test/src/lib.rs:649:60\n   8: <core::panic::unwind_safe::AssertUnwindSafe<F> as core::ops::function::FnOnce<()>>::call_once\n             at /rustc/cc66ad468955717ab92600c770da8c1601a4ff33/library/core/src/panic/unwind_safe.rs:271:9\n   9: std::panicking::try::do_call\n             at /rustc/cc66ad468955717ab92600c770da8c1601a4ff33/library/std/src/panicking.rs:502:40\n  10: std::panicking::try\n             at /rustc/cc66ad468955717ab92600c770da8c1601a4ff33/library/std/src/panicking.rs:466:19\n  11: std::panic::catch_unwind\n             at /rustc/cc66ad468955717ab92600c770da8c1601a4ff33/library/std/src/panic.rs:142:14\n  12: test::run_test_in_process\n             at /rustc/cc66ad468955717ab92600c770da8c1601a4ff33/library/test/src/lib.rs:649:27\n  13: test::run_test::{{closure}}\n             at /rustc/cc66ad468955717ab92600c770da8c1601a4ff33/library/test/src/lib.rs:572:43\n  14: test::run_test::{{closure}}\n             at /rustc/cc66ad468955717ab92600c770da8c1601a4ff33/library/test/src/lib.rs:600:41\n  15: std::sys_common::backtrace::__rust_begin_short_backtrace\n             at /rustc/cc66ad468955717ab92600c770da8c1601a4ff33/library/std/src/sys_common/backtrace.rs:154:18\n  16: std::thread::Builder::spawn_unchecked_::{{closure}}::{{closure}}\n             at /rustc/cc66ad468955717ab92600c770da8c1601a4ff33/library/std/src/thread/mod.rs:529:17\n  17: <core::panic::unwind_safe::AssertUnwindSafe<F> as core::ops::function::FnOnce<()>>::call_once\n             at /rustc/cc66ad468955717ab92600c770da8c1601a4ff33/library/core/src/panic/unwind_safe.rs:271:9\n  18: std::panicking::try::do_call\n             at /rustc/cc66ad468955717ab92600c770da8c1601a4ff33/library/std/src/panicking.rs:502:40\n  19: std::panicking::try\n             at /rustc/cc66ad468955717ab92600c770da8c1601a4ff33/library/std/src/panicking.rs:466:19\n  20: std::panic::catch_unwind\n             at /rustc/cc66ad468955717ab92600c770da8c1601a4ff33/library/std/src/panic.rs:142:14\n  21: std::thread::Builder::spawn_unchecked_::{{closure}}\n             at /rustc/cc66ad468955717ab92600c770da8c1601a4ff33/library/std/src/thread/mod.rs:528:30\n  22: core::ops::function::FnOnce::call_once{{vtable.shim}}\n             at /rustc/cc66ad468955717ab92600c770da8c1601a4ff33/library/core/src/ops/function.rs:250:5\n  23: <alloc::boxed::Box<F,A> as core::ops::function::FnOnce<Args>>::call_once\n             at /rustc/cc66ad468955717ab92600c770da8c1601a4ff33/library/alloc/src/boxed.rs:2007:9\n  24: <alloc::boxed::Box<F,A> as core::ops::function::FnOnce<Args>>::call_once\n             at /rustc/cc66ad468955717ab92600c770da8c1601a4ff33/library/alloc/src/boxed.rs:2007:9\n  25: std::sys::unix::thread::Thread::new::thread_start\n             at /rustc/cc66ad468955717ab92600c770da8c1601a4ff33/library/std/src/sys/unix/thread.rs:108:17\n  26: start_thread\n             at /usr/src/debug/glibc-2.28-225.el8.x86_64/nptl/pthread_create.c:479:8\n  27: __clone\n             at /usr/src/debug/glibc-2.28-225.el8.x86_64/misc/../sysdeps/unix/sysv/linux/x86_64/clone.S:95\n","transaction_accounts":[{"pubkey":"1111113UFKjXf7ZmDxv9JdqiMaTddu54aip6NfZbm","shared_data":{"lamports":1,"data":"01000000010000000000000160000000000000000000000000000000000000000000000000","owner":"BPFLoaderUpgradeab1e11111111111111111111111","executable":false,"rent_epoch":0}},{"pubkey":"1111113SdyKbDvQvW7Qsa5VcgFBh8ovYZh3FSLELP","shared_data":{"lamports":1,"data":"","owner":"1111113T3JvaLDhdgaHh1Dae6aWBG5iB4wyxfv4ej","executable":false,"rent_epoch":0}},{"pubkey":"1111113TSeXZSWzLs3AWSMffWupfPMVoaCvfuVty5","shared_data":{"lamports":1,"data":"","owner":"1111113Tqz8YYpH43W3KsVkgwF99WdHS5TsP95jHR","executable":false,"rent_epoch":0}}],"resulting_accounts":[{"lamports":1,"data":"01000000010000000000000160000000000000000000000000000000000000000000000000","owner":"BPFLoaderUpgradeab1e11111111111111111111111","executable":false,"rent_epoch":0},{"lamports":1,"data":"","owner":"1111113T3JvaLDhdgaHh1Dae6aWBG5iB4wyxfv4ej","executable":false,"rent_epoch":0},{"lamports":1,"data":"","owner":"1111113Tqz8YYpH43W3KsVkgwF99WdHS5TsP95jHR","executable":false,"rent_epoch":0}],"instruction_accounts":[{"index_in_transaction":"0","index_in_caller":0,"index_in_callee":0,"is_signer":false,"is_writable":true},{"index_in_transaction":"1","index_in_caller":1,"index_in_callee":1,"is_signer":true,"is_writable":false}],"expected_result":{"Err":"IncorrectAuthority"}},{"name":"tests::test_bpf_loader_upgradeable_set_upgrade_authority","program_id":"BPFLoaderUpgradeab1e11111111111111111111111","instruction_data":"04000000","feature_set":"[[202,214,104,179,136,1,25,63,126,212,222,38,220,28,83,43,249,32,7,110,60,224,213,42,141,136,139,37,218,182,136,210],[197,150,195,241,93,91,181,155,16,95,244,214,65,44,105,226,220,140,167,223,111,186,39,96,251,62,91,152,70,228,180,239],[26,199,65,17,240,68,250,134,63,19,126,166,122,178,212,110,22,16,87,230,150,35,95,39,168,229,240,76,232,241,101,35],[217,249,73,168,234,107,116,33,74,76,20,132,210,115,7,55,193,149,181,220,220,208,7,208,23,43,225,47,255,122,56,79],[155,95,162,190,153,253,184,129,125,125,45,207,115,160,246,86,87,234,123,60,106,246,19,89,19,74,47,86,16,17,210,173],[230,2,78,209,74,108,250,214,99,47,156,229,173,225,254,203,10,180,70,250,162,186,83,7,110,72,115,213,177,50,249,138],[115,214,236,4,190,18,249,151,124,91,20,35,202,33,95,92,172,124,65,250,209,248,199,127,13,35,0,225,180,166,241,216],[108,3,35,254,174,85,155,107,15,165,101,193,24,70,64,227,106,146,103,232,5,194,125,139,136,27,94,202,163,175,110,119],[66,83,147,215,134,82,32,100,206,150,103,118,192,178,61,210,228,210,129,4,94,122,214,144,238,48,119,1,106,84,110,100],[212,235,46,203,44,130,191,60,198,171,109,108,188,47,41,3,171,165,87,215,45,196,78,253,188,95,241,192,108,222,162,215],[178,179,243,198,180,28,36,75,191,132,217,33,110,103,110,11,69,22,180,214,12,72,233,122,69,38,116,188,157,97,114,224]]","sysvar_cache":{"clock":"","epoch_schedule":"","epoch_rewards":"","fees":"","rent":"","slot_hashes":"","recent_blockhashes":"","stake_history":"","last_restart_slot":""},"backtrace":"   0: solana_program_runtime::invoke_context::mock_process_instruction\n             at /data/jsiegel/repos/solana/program-runtime/src/invoke_context.rs:1355:15\n   1: solana_bpf_loader_program::tests::process_instruction\n             at ./src/lib.rs:1798:9\n   2: solana_bpf_loader_program::tests::test_bpf_loader_upgradeable_set_upgrade_authority\n             at ./src/lib.rs:2974:24\n   3: solana_bpf_loader_program::tests::test_bpf_loader_upgradeable_set_upgrade_authority::{{closure}}\n             at ./src/lib.rs:2933:60\n   4: core::ops::function::FnOnce::call_once\n             at /rustc/cc66ad468955717ab92600c770da8c1601a4ff33/library/core/src/ops/function.rs:250:5\n   5: core::ops::function::FnOnce::call_once\n             at /rustc/cc66ad468955717ab92600c770da8c1601a4ff33/library/core/src/ops/function.rs:250:5\n   6: test::__rust_begin_short_backtrace\n             at /rustc/cc66ad468955717ab92600c770da8c1601a4ff33/library/test/src/lib.rs:626:18\n   7: test::run_test_in_process::{{closure}}\n             at /rustc/cc66ad468955717ab92600c770da8c1601a4ff33/library/test/src/lib.rs:649:60\n   8: <core::panic::unwind_safe::AssertUnwindSafe<F> as core::ops::function::FnOnce<()>>::call_once\n             at /rustc/cc66ad468955717ab92600c770da8c1601a4ff33/library/core/src/panic/unwind_safe.rs:271:9\n   9: std::panicking::try::do_call\n             at /rustc/cc66ad468955717ab92600c770da8c1601a4ff33/library/std/src/panicking.rs:502:40\n  10: std::panicking::try\n             at /rustc/cc66ad468955717ab92600c770da8c1601a4ff33/library/std/src/panicking.rs:466:19\n  11: std::panic::catch_unwind\n             at /rustc/cc66ad468955717ab92600c770da8c1601a4ff33/library/std/src/panic.rs:142:14\n  12: test::run_test_in_process\n             at /rustc/cc66ad468955717ab92600c770da8c1601a4ff33/library/test/src/lib.rs:649:27\n  13: test::run_test::{{closure}}\n             at /rustc/cc66ad468955717ab92600c770da8c1601a4ff33/library/test/src/lib.rs:572:43\n  14: test::run_test::{{closure}}\n             at /rustc/cc66ad468955717ab92600c770da8c1601a4ff33/library/test/src/lib.rs:600:41\n  15: std::sys_common::backtrace::__rust_begin_short_backtrace\n             at /rustc/cc66ad468955717ab92600c770da8c1601a4ff33/library/std/src/sys_common/backtrace.rs:154:18\n  16: std::thread::Builder::spawn_unchecked_::{{closure}}::{{closure}}\n             at /rustc/cc66ad468955717ab92600c770da8c1601a4ff33/library/std/src/thread/mod.rs:529:17\n  17: <core::panic::unwind_safe::AssertUnwindSafe<F> as core::ops::function::FnOnce<()>>::call_once\n             at /rustc/cc66ad468955717ab92600c770da8c1601a4ff33/library/core/src/panic/unwind_safe.rs:271:9\n  18: std::panicking::try::do_call\n             at /rustc/cc66ad468955717ab92600c770da8c1601a4ff33/library/std/src/panicking.rs:502:40\n  19: std::panicking::try\n             at /rustc/cc66ad468955717ab92600c770da8c1601a4ff33/library/std/src/panicking.rs:466:19\n  20: std::panic::catch_unwind\n             at /rustc/cc66ad468955717ab92600c770da8c1601a4ff33/library/std/src/panic.rs:142:14\n  21: std::thread::Builder::spawn_unchecked_::{{closure}}\n             at /rustc/cc66ad468955717ab92600c770da8c1601a4ff33/library/std/src/thread/mod.rs:528:30\n  22: core::ops::function::FnOnce::call_once{{vtable.shim}}\n             at /rustc/cc66ad468955717ab92600c770da8c1601a4ff33/library/core/src/ops/function.rs:250:5\n  23: <alloc::boxed::Box<F,A> as core::ops::function::FnOnce<Args>>::call_once\n             at /rustc/cc66ad468955717ab92600c770da8c1601a4ff33/library/alloc/src/boxed.rs:2007:9\n  24: <alloc::boxed::Box<F,A> as core::ops::function::FnOnce<Args>>::call_once\n             at /rustc/cc66ad468955717ab92600c770da8c1601a4ff33/library/alloc/src/boxed.rs:2007:9\n  25: std::sys::unix::thread::Thread::new::thread_start\n             at /rustc/cc66ad468955717ab92600c770da8c1601a4ff33/library/std/src/sys/unix/thread.rs:108:17\n  26: start_thread\n             at /usr/src/debug/glibc-2.28-225.el8.x86_64/nptl/pthread_create.c:479:8\n  27: __clone\n             at /usr/src/debug/glibc-2.28-225.el8.x86_64/misc/../sysdeps/unix/sysv/linux/x86_64/clone.S:95\n","transaction_accounts":[{"pubkey":"CinF98bdociRh3DCMdEi3P4TXmj7xNWvJMtjRz65xtDU","shared_data":{"lamports":1,"data":"03000000000000000000000001000000000000016f000000000000000000000000000000000000000000000000","owner":"BPFLoaderUpgradeab1e11111111111111111111111","executable":false,"rent_epoch":0}},{"pubkey":"1111113Yg3NMrPjaD4Z95AnyyExy1tiz8ZBux5j5Z","shared_data":{"lamports":1,"data":"","owner":"1111113Z5NyLxh2HPXRxWJt1PaHT9AWcdp8dBfZPu","executable":false,"rent_epoch":0}},{"pubkey":"1111113ZUiaL4zJzZzJmwSy2oubwGSJF955LRFPiF","shared_data":{"lamports":1,"data":"","owner":"1111113Zt4BKBHbhkTBbNb44EEvRPi5seL23eqE2b","executable":false,"rent_epoch":0}}],"resulting_accounts":[{"lamports":1,"data":"030000000000000000000000010000000000000171000000000000000000000000000000000000000000000000","owner":"BPFLoaderUpgradeab1e11111111111111111111111","executable":false,"rent_epoch":0},{"lamports":1,"data":"","owner":"1111113Z5NyLxh2HPXRxWJt1PaHT9AWcdp8dBfZPu","executable":false,"rent_epoch":0},{"lamports":1,"data":"","owner":"1111113Zt4BKBHbhkTBbNb44EEvRPi5seL23eqE2b","executable":false,"rent_epoch":0}],"instruction_accounts":[{"index_in_transaction":"0","index_in_caller":0,"index_in_callee":0,"is_signer":false,"is_writable":true},{"index_in_transaction":"1","index_in_caller":1,"index_in_callee":1,"is_signer":true,"is_writable":false},{"index_in_transaction":"2","index_in_caller":2,"index_in_callee":2,"is_signer":false,"is_writable":false}],"expected_result":{"Ok":null}},{"name":"tests::test_bpf_loader_upgradeable_set_buffer_authority_checked","program_id":"BPFLoaderUpgradeab1e11111111111111111111111","instruction_data":"07000000","feature_set":"[[178,179,243,198,180,28,36,75,191,132,217,33,110,103,110,11,69,22,180,214,12,72,233,122,69,38,116,188,157,97,114,224],[108,3,35,254,174,85,155,107,15,165,101,193,24,70,64,227,106,146,103,232,5,194,125,139,136,27,94,202,163,175,110,119],[212,235,46,203,44,130,191,60,198,171,109,108,188,47,41,3,171,165,87,215,45,196,78,253,188,95,241,192,108,222,162,215],[202,214,104,179,136,1,25,63,126,212,222,38,220,28,83,43,249,32,7,110,60,224,213,42,141,136,139,37,218,182,136,210],[26,199,65,17,240,68,250,134,63,19,126,166,122,178,212,110,22,16,87,230,150,35,95,39,168,229,240,76,232,241,101,35],[115,214,236,4,190,18,249,151,124,91,20,35,202,33,95,92,172,124,65,250,209,248,199,127,13,35,0,225,180,166,241,216],[197,150,195,241,93,91,181,155,16,95,244,214,65,44,105,226,220,140,167,223,111,186,39,96,251,62,91,152,70,228,180,239],[230,2,78,209,74,108,250,214,99,47,156,229,173,225,254,203,10,180,70,250,162,186,83,7,110,72,115,213,177,50,249,138],[66,83,147,215,134,82,32,100,206,150,103,118,192,178,61,210,228,210,129,4,94,122,214,144,238,48,119,1,106,84,110,100],[217,249,73,168,234,107,116,33,74,76,20,132,210,115,7,55,193,149,181,220,220,208,7,208,23,43,225,47,255,122,56,79],[155,95,162,190,153,253,184,129,125,125,45,207,115,160,246,86,87,234,123,60,106,246,19,89,19,74,47,86,16,17,210,173]]","sysvar_cache":{"clock":"","epoch_schedule":"","epoch_rewards":"","fees":"","rent":"","slot_hashes":"","recent_blockhashes":"","stake_history":"","last_restart_slot":""},"backtrace":"   0: solana_program_runtime::invoke_context::mock_process_instruction\n             at /data/jsiegel/repos/solana/program-runtime/src/invoke_context.rs:1355:15\n   1: solana_bpf_loader_program::tests::process_instruction\n             at ./src/lib.rs:1798:9\n   2: solana_bpf_loader_program::tests::test_bpf_loader_upgradeable_set_buffer_authority_checked\n             at ./src/lib.rs:3569:24\n   3: solana_bpf_loader_program::tests::test_bpf_loader_upgradeable_set_buffer_authority_checked::{{closure}}\n             at ./src/lib.rs:3525:67\n   4: core::ops::function::FnOnce::call_once\n             at /rustc/cc66ad468955717ab92600c770da8c1601a4ff33/library/core/src/ops/function.rs:250:5\n   5: core::ops::function::FnOnce::call_once\n             at /rustc/cc66ad468955717ab92600c770da8c1601a4ff33/library/core/src/ops/function.rs:250:5\n   6: test::__rust_begin_short_backtrace\n             at /rustc/cc66ad468955717ab92600c770da8c1601a4ff33/library/test/src/lib.rs:626:18\n   7: test::run_test_in_process::{{closure}}\n             at /rustc/cc66ad468955717ab92600c770da8c1601a4ff33/library/test/src/lib.rs:649:60\n   8: <core::panic::unwind_safe::AssertUnwindSafe<F> as core::ops::function::FnOnce<()>>::call_once\n             at /rustc/cc66ad468955717ab92600c770da8c1601a4ff33/library/core/src/panic/unwind_safe.rs:271:9\n   9: std::panicking::try::do_call\n             at /rustc/cc66ad468955717ab92600c770da8c1601a4ff33/library/std/src/panicking.rs:502:40\n  10: std::panicking::try\n             at /rustc/cc66ad468955717ab92600c770da8c1601a4ff33/library/std/src/panicking.rs:466:19\n  11: std::panic::catch_unwind\n             at /rustc/cc66ad468955717ab92600c770da8c1601a4ff33/library/std/src/panic.rs:142:14\n  12: test::run_test_in_process\n             at /rustc/cc66ad468955717ab92600c770da8c1601a4ff33/library/test/src/lib.rs:649:27\n  13: test::run_test::{{closure}}\n             at /rustc/cc66ad468955717ab92600c770da8c1601a4ff33/library/test/src/lib.rs:572:43\n  14: test::run_test::{{closure}}\n             at /rustc/cc66ad468955717ab92600c770da8c1601a4ff33/library/test/src/lib.rs:600:41\n  15: std::sys_common::backtrace::__rust_begin_short_backtrace\n             at /rustc/cc66ad468955717ab92600c770da8c1601a4ff33/library/std/src/sys_common/backtrace.rs:154:18\n  16: std::thread::Builder::spawn_unchecked_::{{closure}}::{{closure}}\n             at /rustc/cc66ad468955717ab92600c770da8c1601a4ff33/library/std/src/thread/mod.rs:529:17\n  17: <core::panic::unwind_safe::AssertUnwindSafe<F> as core::ops::function::FnOnce<()>>::call_once\n             at /rustc/cc66ad468955717ab92600c770da8c1601a4ff33/library/core/src/panic/unwind_safe.rs:271:9\n  18: std::panicking::try::do_call\n             at /rustc/cc66ad468955717ab92600c770da8c1601a4ff33/library/std/src/panicking.rs:502:40\n  19: std::panicking::try\n             at /rustc/cc66ad468955717ab92600c770da8c1601a4ff33/library/std/src/panicking.rs:466:19\n  20: std::panic::catch_unwind\n             at /rustc/cc66ad468955717ab92600c770da8c1601a4ff33/library/std/src/panic.rs:142:14\n  21: std::thread::Builder::spawn_unchecked_::{{closure}}\n             at /rustc/cc66ad468955717ab92600c770da8c1601a4ff33/library/std/src/thread/mod.rs:528:30\n  22: core::ops::function::FnOnce::call_once{{vtable.shim}}\n             at /rustc/cc66ad468955717ab92600c770da8c1601a4ff33/library/core/src/ops/function.rs:250:5\n  23: <alloc::boxed::Box<F,A> as core::ops::function::FnOnce<Args>>::call_once\n             at /rustc/cc66ad468955717ab92600c770da8c1601a4ff33/library/alloc/src/boxed.rs:2007:9\n  24: <alloc::boxed::Box<F,A> as core::ops::function::FnOnce<Args>>::call_once\n             at /rustc/cc66ad468955717ab92600c770da8c1601a4ff33/library/alloc/src/boxed.rs:2007:9\n  25: std::sys::unix::thread::Thread::new::thread_start\n             at /rustc/cc66ad468955717ab92600c770da8c1601a4ff33/library/std/src/sys/unix/thread.rs:108:17\n  26: start_thread\n             at /usr/src/debug/glibc-2.28-225.el8.x86_64/nptl/pthread_create.c:479:8\n  27: __clone\n             at /usr/src/debug/glibc-2.28-225.el8.x86_64/misc/../sysdeps/unix/sysv/linux/x86_64/clone.S:95\n","transaction_accounts":[{"pubkey":"1111113XsNAPdoA9r8oWCtcw8aKzmM9j83JVUv4Ss","shared_data":{"lamports":1,"data":"01000000010000000000000169000000000000000000000000000000000000000000000000","owner":"BPFLoaderUpgradeab1e11111111111111111111111","executable":false,"rent_epoch":0}},{"pubkey":"1111113WG1kTCc1K8HJEULGqTF44GG1D71XeYajBV","shared_data":{"lamports":1,"data":"","owner":"1111113WfMMSJuJ2JkB3uUMrsaNYPXnqcGUMnAZVq","executable":false,"rent_epoch":0}},{"pubkey":"1111113X4gxRRCajVD3sLcStHuh2WoaU7XR51kPpB","shared_data":{"lamports":1,"data":"","owner":"1111113XU2ZQXVsSffvgmkXuiF1We5N6cnMnFLE8X","executable":false,"rent_epoch":0}}],"resulting_accounts":[{"lamports":1,"data":"0100000001000000000000016b000000000000000000000000000000000000000000000000","owner":"BPFLoaderUpgradeab1e11111111111111111111111","executable":false,"rent_epoch":0},{"lamports":1,"data":"","owner":"1111113WfMMSJuJ2JkB3uUMrsaNYPXnqcGUMnAZVq","executable":false,"rent_epoch":0},{"lamports":1,"data":"","owner":"1111113XU2ZQXVsSffvgmkXuiF1We5N6cnMnFLE8X","executable":false,"rent_epoch":0}],"instruction_accounts":[{"index_in_transaction":"0","index_in_caller":0,"index_in_callee":0,"is_signer":false,"is_writable":true},{"index_in_transaction":"1","index_in_caller":1,"index_in_callee":1,"is_signer":true,"is_writable":false},{"index_in_transaction":"2","index_in_caller":2,"index_in_callee":2,"is_signer":true,"is_writable":false}],"expected_result":{"Ok":null}},{"name":"tests::test_bpf_loader_finalize","program_id":"BPFLoader2111111111111111111111111111111111","instruction_data":"01000000","feature_set":"[[202,214,104,179,136,1,25,63,126,212,222,38,220,28,83,43,249,32,7,110,60,224,213,42,141,136,139,37,218,182,136,210],[217,249,73,168,234,107,116,33,74,76,20,132,210,115,7,55,193,149,181,220,220,208,7,208,23,43,225,47,255,122,56,79],[26,199,65,17,240,68,250,134,63,19,126,166,122,178,212,110,22,16,87,230,150,35,95,39,168,229,240,76,232,241,101,35],[197,150,195,241,93,91,181,155,16,95,244,214,65,44,105,226,220,140,167,223,111,186,39,96,251,62,91,152,70,228,180,239],[178,179,243,198,180,28,36,75,191,132,217,33,110,103,110,11,69,22,180,214,12,72,233,122,69,38,116,188,157,97,114,224],[108,3,35,254,174,85,155,107,15,165,101,193,24,70,64,227,106,146,103,232,5,194,125,139,136,27,94,202,163,175,110,119],[115,214,236,4,190,18,249,151,124,91,20,35,202,33,95,92,172,124,65,250,209,248,199,127,13,35,0,225,180,166,241,216],[230,2,78,209,74,108,250,214,99,47,156,229,173,225,254,203,10,180,70,250,162,186,83,7,110,72,115,213,177,50,249,138],[155,95,162,190,153,253,184,129,125,125,45,207,115,160,246,86,87,234,123,60,106,246,19,89,19,74,47,86,16,17,210,173],[212,235,46,203,44,130,191,60,198,171,109,108,188,47,41,3,171,165,87,215,45,196,78,253,188,95,241,192,108,222,162,215],[66,83,147,215,134,82,32,100,206,150,103,118,192,178,61,210,228,210,129,4,94,122,214,144,238,48,119,1,106,84,110,100]]","sysvar_cache":{"clock":"","epoch_schedule":"","epoch_rewards":"","fees":"","rent":"","slot_hashes":"","recent_blockhashes":"","stake_history":"","last_restart_slot":""},"backtrace":"   0: solana_program_runtime::invoke_context::mock_process_instruction\n             at /data/jsiegel/repos/solana/program-runtime/src/invoke_context.rs:1355:15\n   1: solana_bpf_loader_program::tests::process_instruction\n             at ./src/lib.rs:1798:9\n   2: solana_bpf_loader_program::tests::test_bpf_loader_finalize\n             at ./src/lib.rs:1902:9\n   3: solana_bpf_loader_program::tests::test_bpf_loader_finalize::{{closure}}\n             at ./src/lib.rs:1893:35\n   4: core::ops::function::FnOnce::call_once\n             at /rustc/cc66ad468955717ab92600c770da8c1601a4ff33/library/core/src/ops/function.rs:250:5\n   5: core::ops::function::FnOnce::call_once\n             at /rustc/cc66ad468955717ab92600c770da8c1601a4ff33/library/core/src/ops/function.rs:250:5\n   6: test::__rust_begin_short_backtrace\n             at /rustc/cc66ad468955717ab92600c770da8c1601a4ff33/library/test/src/lib.rs:626:18\n   7: test::run_test_in_process::{{closure}}\n             at /rustc/cc66ad468955717ab92600c770da8c1601a4ff33/library/test/src/lib.rs:649:60\n   8: <core::panic::unwind_safe::AssertUnwindSafe<F> as core::ops::function::FnOnce<()>>::call_once\n             at /rustc/cc66ad468955717ab92600c770da8c1601a4ff33/library/core/src/panic/unwind_safe.rs:271:9\n   9: std::panicking::try::do_call\n             at /rustc/cc66ad468955717ab92600c770da8c1601a4ff33/library/std/src/panicking.rs:502:40\n  10: std::panicking::try\n             at /rustc/cc66ad468955717ab92600c770da8c1601a4ff33/library/std/src/panicking.rs:466:19\n  11: std::panic::catch_unwind\n             at /rustc/cc66ad468955717ab92600c770da8c1601a4ff33/library/std/src/panic.rs:142:14\n  12: test::run_test_in_process\n             at /rustc/cc66ad468955717ab92600c770da8c1601a4ff33/library/test/src/lib.rs:649:27\n  13: test::run_test::{{closure}}\n             at /rustc/cc66ad468955717ab92600c770da8c1601a4ff33/library/test/src/lib.rs:572:43\n  14: test::run_test::{{closure}}\n             at /rustc/cc66ad468955717ab92600c770da8c1601a4ff33/library/test/src/lib.rs:600:41\n  15: std::sys_common::backtrace::__rust_begin_short_backtrace\n             at /rustc/cc66ad468955717ab92600c770da8c1601a4ff33/library/std/src/sys_common/backtrace.rs:154:18\n  16: std::thread::Builder::spawn_unchecked_::{{closure}}::{{closure}}\n             at /rustc/cc66ad468955717ab92600c770da8c1601a4ff33/library/std/src/thread/mod.rs:529:17\n  17: <core::panic::unwind_safe::AssertUnwindSafe<F> as core::ops::function::FnOnce<()>>::call_once\n             at /rustc/cc66ad468955717ab92600c770da8c1601a4ff33/library/core/src/panic/unwind_safe.rs:271:9\n  18: std::panicking::try::do_call\n             at /rustc/cc66ad468955717ab92600c770da8c1601a4ff33/library/std/src/panicking.rs:502:40\n  19: std::panicking::try\n             at /rustc/cc66ad468955717ab92600c770da8c1601a4ff33/library/std/src/panicking.rs:466:19\n  20: std::panic::catch_unwind\n             at /rustc/cc66ad468955717ab92600c770da8c1601a4ff33/library/std/src/panic.rs:142:14\n  21: std::thread::Builder::spawn_unchecked_::{{closure}}\n             at /rustc/cc66ad468955717ab92600c770da8c1601a4ff33/library/std/src/thread/mod.rs:528:30\n  22: core::ops::function::FnOnce::call_once{{vtable.shim}}\n             at /rustc/cc66ad468955717ab92600c770da8c1601a4ff33/library/core/src/ops/function.rs:250:5\n  23: <alloc::boxed::Box<F,A> as core::ops::function::FnOnce<Args>>::call_once\n             at /rustc/cc66ad468955717ab92600c770da8c1601a4ff33/library/alloc/src/boxed.rs:2007:9\n  24: <alloc::boxed::Box<F,A> as core::ops::function::FnOnce<Args>>::call_once\n             at /rustc/cc66ad468955717ab92600c770da8c1601a4ff33/library/alloc/src/boxed.rs:2007:9\n  25: std::sys::unix::thread::Thread::new::thread_start\n             at /rustc/cc66ad468955717ab92600c770da8c1601a4ff33/library/std/src/sys/unix/thread.rs:108:17\n  26: start_thread\n             at /usr/src/debug/glibc-2.28-225.el8.x86_64/nptl/pthread_create.c:479:8\n  27: __clone\n             at /usr/src/debug/glibc-2.28-225.el8.x86_64/misc/../sysdeps/unix/sysv/linux/x86_64/clone.S:95\n","transaction_accounts":[],"resulting_accounts":[],"instruction_accounts":[],"expected_result":{"Err":"NotEnoughAccountKeys"}},{"name":"tests::test_bpf_loader_serialize_aligned","program_id":"BPFLoader2111111111111111111111111111111111","instruction_data":"","feature_set":"[[155,95,162,190,153,253,184,129,125,125,45,207,115,160,246,86,87,234,123,60,106,246,19,89,19,74,47,86,16,17,210,173],[202,214,104,179,136,1,25,63,126,212,222,38,220,28,83,43,249,32,7,110,60,224,213,42,141,136,139,37,218,182,136,210],[230,2,78,209,74,108,250,214,99,47,156,229,173,225,254,203,10,180,70,250,162,186,83,7,110,72,115,213,177,50,249,138],[217,249,73,168,234,107,116,33,74,76,20,132,210,115,7,55,193,149,181,220,220,208,7,208,23,43,225,47,255,122,56,79],[66,83,147,215,134,82,32,100,206,150,103,118,192,178,61,210,228,210,129,4,94,122,214,144,238,48,119,1,106,84,110,100],[212,235,46,203,44,130,191,60,198,171,109,108,188,47,41,3,171,165,87,215,45,196,78,253,188,95,241,192,108,222,162,215],[108,3,35,254,174,85,155,107,15,165,101,193,24,70,64,227,106,146,103,232,5,194,125,139,136,27,94,202,163,175,110,119],[26,199,65,17,240,68,250,134,63,19,126,166,122,178,212,110,22,16,87,230,150,35,95,39,168,229,240,76,232,241,101,35],[178,179,243,198,180,28,36,75,191,132,217,33,110,103,110,11,69,22,180,214,12,72,233,122,69,38,116,188,157,97,114,224],[197,150,195,241,93,91,181,155,16,95,244,214,65,44,105,226,220,140,167,223,111,186,39,96,251,62,91,152,70,228,180,239],[115,214,236,4,190,18,249,151,124,91,20,35,202,33,95,92,172,124,65,250,209,248,199,127,13,35,0,225,180,166,241,216]]","sysvar_cache":{"clock":"","epoch_schedule":"","epoch_rewards":"","fees":"","rent":"","slot_hashes":"","recent_blockhashes":"","stake_history":"","last_restart_slot":""},"backtrace":"   0: solana_program_runtime::invoke_context::mock_process_instruction\n             at /data/jsiegel/repos/solana/program-runtime/src/invoke_context.rs:1355:15\n   1: solana_bpf_loader_program::tests::process_instruction\n             at ./src/lib.rs:1798:9\n   2: solana_bpf_loader_program::tests::test_bpf_loader_serialize_aligned\n             at ./src/lib.rs:2100:9\n   3: solana_bpf_loader_program::tests::test_bpf_loader_serialize_aligned::{{closure}}\n             at ./src/lib.rs:2086:44\n   4: core::ops::function::FnOnce::call_once\n             at /rustc/cc66ad468955717ab92600c770da8c1601a4ff33/library/core/src/ops/function.rs:250:5\n   5: core::ops::function::FnOnce::call_once\n             at /rustc/cc66ad468955717ab92600c770da8c1601a4ff33/library/core/src/ops/function.rs:250:5\n   6: test::__rust_begin_short_backtrace\n             at /rustc/cc66ad468955717ab92600c770da8c1601a4ff33/library/test/src/lib.rs:626:18\n   7: test::run_test_in_process::{{closure}}\n             at /rustc/cc66ad468955717ab92600c770da8c1601a4ff33/library/test/src/lib.rs:649:60\n   8: <core::panic::unwind_safe::AssertUnwindSafe<F> as core::ops::function::FnOnce<()>>::call_once\n             at /rustc/cc66ad468955717ab92600c770da8c1601a4ff33/library/core/src/panic/unwind_safe.rs:271:9\n   9: std::panicking::try::do_call\n             at /rustc/cc66ad468955717ab92600c770da8c1601a4ff33/library/std/src/panicking.rs:502:40\n  10: std::panicking::try\n             at /rustc/cc66ad468955717ab92600c770da8c1601a4ff33/library/std/src/panicking.rs:466:19\n  11: std::panic::catch_unwind\n             at /rustc/cc66ad468955717ab92600c770da8c1601a4ff33/library/std/src/panic.rs:142:14\n  12: test::run_test_in_process\n             at /rustc/cc66ad468955717ab92600c770da8c1601a4ff33/library/test/src/lib.rs:649:27\n  13: test::run_test::{{closure}}\n             at /rustc/cc66ad468955717ab92600c770da8c1601a4ff33/library/test/src/lib.rs:572:43\n  14: test::run_test::{{closure}}\n             at /rustc/cc66ad468955717ab92600c770da8c1601a4ff33/library/test/src/lib.rs:600:41\n  15: std::sys_common::backtrace::__rust_begin_short_backtrace\n             at /rustc/cc66ad468955717ab92600c770da8c1601a4ff33/library/std/src/sys_common/backtrace.rs:154:18\n  16: std::thread::Builder::spawn_unchecked_::{{closure}}::{{closure}}\n             at /rustc/cc66ad468955717ab92600c770da8c1601a4ff33/library/std/src/thread/mod.rs:529:17\n  17: <core::panic::unwind_safe::AssertUnwindSafe<F> as core::ops::function::FnOnce<()>>::call_once\n             at /rustc/cc66ad468955717ab92600c770da8c1601a4ff33/library/core/src/panic/unwind_safe.rs:271:9\n  18: std::panicking::try::do_call\n             at /rustc/cc66ad468955717ab92600c770da8c1601a4ff33/library/std/src/panicking.rs:502:40\n  19: std::panicking::try\n             at /rustc/cc66ad468955717ab92600c770da8c1601a4ff33/library/std/src/panicking.rs:466:19\n  20: std::panic::catch_unwind\n             at /rustc/cc66ad468955717ab92600c770da8c1601a4ff33/library/std/src/panic.rs:142:14\n  21: std::thread::Builder::spawn_unchecked_::{{closure}}\n             at /rustc/cc66ad468955717ab92600c770da8c1601a4ff33/library/std/src/thread/mod.rs:528:30\n  22: core::ops::function::FnOnce::call_once{{vtable.shim}}\n             at /rustc/cc66ad468955717ab92600c770da8c1601a4ff33/library/core/src/ops/function.rs:250:5\n  23: <alloc::boxed::Box<F,A> as core::ops::function::FnOnce<Args>>::call_once\n             at /rustc/cc66ad468955717ab92600c770da8c1601a4ff33/library/alloc/src/boxed.rs:2007:9\n  24: <alloc::boxed::Box<F,A> as core::ops::function::FnOnce<Args>>::call_once\n             at /rustc/cc66ad468955717ab92600c770da8c1601a4ff33/library/alloc/src/boxed.rs:2007:9\n  25: std::sys::unix::thread::Thread::new::thread_start\n             at /rustc/cc66ad468955717ab92600c770da8c1601a4ff33/library/std/src/sys/unix/thread.rs:108:17\n  26: start_thread\n             at /usr/src/debug/glibc-2.28-225.el8.x86_64/nptl/pthread_create.c:479:8\n  27: __clone\n             at /usr/src/debug/glibc-2.28-225.el8.x86_64/misc/../sysdeps/unix/sysv/linux/x86_64/clone.S:95\n","transaction_accounts":[{"pubkey":"1111113KoE4rNrWrSEWyCi2CYamT1BYqzK1ATR4xX","shared_data":{"lamports":16871040,"data":"7f454c460201010000000000000000000300f7000100000020010000000000004000000000000000b80600000000000000000000400038000300400009000700010000000500000020010000000000002001000000000000200100000000000090020000000000009002000000000000001000000000000001000000040000002004000000000000200400000000000020040000000000003c000000000000003c0000000000000000100000000000000200000006000000b003000000000000b003000000000000b0030000000000007000000000000000700000000000000008000000000000000000000000000000000000000000000000000000000000000000000000000000000000000000000000000000000000000000000000000000180000000000000000000000020000001501440000000000b70000000000000079120000000000001502410000000000b703000000000000bfa400000000000007040000c2ffffffb70500000200000005003d000000000055062100ff0000007107090000000000b701000001000000b706000001000000550