{"name":"config_processor::tests::test_config_updates","program_id":"Config1111111111111111111111111111111111111","instruction_data":"0015cd5b0700000000","feature_set":"[[178,179,243,198,180,28,36,75,191,132,217,33,110,103,110,11,69,22,180,214,12,72,233,122,69,38,116,188,157,97,114,224],[217,249,73,168,234,107,116,33,74,76,20,132,210,115,7,55,193,149,181,220,220,208,7,208,23,43,225,47,255,122,56,79],[26,199,65,17,240,68,250,134,63,19,126,166,122,178,212,110,22,16,87,230,150,35,95,39,168,229,240,76,232,241,101,35],[108,3,35,254,174,85,155,107,15,165,101,193,24,70,64,227,106,146,103,232,5,194,125,139,136,27,94,202,163,175,110,119],[212,235,46,203,44,130,191,60,198,171,109,108,188,47,41,3,171,165,87,215,45,196,78,253,188,95,241,192,108,222,162,215],[230,2,78,209,74,108,250,214,99,47,156,229,173,225,254,203,10,180,70,250,162,186,83,7,110,72,115,213,177,50,249,138],[202,214,104,179,136,1,25,63,126,212,222,38,220,28,83,43,249,32,7,110,60,224,213,42,141,136,139,37,218,182,136,210],[115,214,236,4,190,18,249,151,124,91,20,35,202,33,95,92,172,124,65,250,209,248,199,127,13,35,0,225,180,166,241,216],[155,95,162,190,153,253,184,129,125,125,45,207,115,160,246,86,87,234,123,60,106,246,19,89,19,74,47,86,16,17,210,173],[197,150,195,241,93,91,181,155,16,95,244,214,65,44,105,226,220,140,167,223,111,186,39,96,251,62,91,152,70,228,180,239],[66,83,147,215,134,82,32,100,206,150,103,118,192,178,61,210,228,210,129,4,94,122,214,144,238,48,119,1,106,84,110,100]]","sysvar_cache":{"clock":"","epoch_schedule":"","epoch_rewards":"","fees":"","rent":"","slot_hashes":"","recent_blockhashes":"","stake_history":"","last_restart_slot":""},"backtrace":"   0: solana_program_runtime::invoke_context::mock_process_instruction\n             at /data/jsiegel/repos/solana/program-runtime/src/invoke_context.rs:1355:15\n   1: solana_config_program::config_processor::tests::process_instruction\n             at ./src/config_processor.rs:165:9\n   2: solana_config_program::config_processor::tests::create_config_account\n             at ./src/config_processor.rs:218:24\n   3: solana_config_program::config_processor::tests::test_config_updates\n             at ./src/config_processor.rs:459:48\n   4: solana_config_program::config_processor::tests::test_config_updates::{{closure}}\n             at ./src/config_processor.rs:445:30\n   5: core::ops::function::FnOnce::call_once\n             at /rustc/cc66ad468955717ab92600c770da8c1601a4ff33/library/core/src/ops/function.rs:250:5\n   6: core::ops::function::FnOnce::call_once\n             at /rustc/cc66ad468955717ab92600c770da8c1601a4ff33/library/core/src/ops/function.rs:250:5\n   7: test::__rust_begin_short_backtrace\n             at /rustc/cc66ad468955717ab92600c770da8c1601a4ff33/library/test/src/lib.rs:626:18\n   8: test::run_test_in_process::{{closure}}\n             at /rustc/cc66ad468955717ab92600c770da8c1601a4ff33/library/test/src/lib.rs:649:60\n   9: <core::panic::unwind_safe::AssertUnwindSafe<F> as core::ops::function::FnOnce<()>>::call_once\n             at /rustc/cc66ad468955717ab92600c770da8c1601a4ff33/library/core/src/panic/unwind_safe.rs:271:9\n  10: std::panicking::try::do_call\n             at /rustc/cc66ad468955717ab92600c770da8c1601a4ff33/library/std/src/panicking.rs:502:40\n  11: std::panicking::try\n             at /rustc/cc66ad468955717ab92600c770da8c1601a4ff33/library/std/src/panicking.rs:466:19\n  12: std::panic::catch_unwind\n             at /rustc/cc66ad468955717ab92600c770da8c1601a4ff33/library/std/src/panic.rs:142:14\n  13: test::run_test_in_process\n             at /rustc/cc66ad468955717ab92600c770da8c1601a4ff33/library/test/src/lib.rs:649:27\n  14: test::run_test::{{closure}}\n             at /rustc/cc66ad468955717ab92600c770da8c1601a4ff33/library/test/src/lib.rs:572:43\n  15: test::run_test::{{closure}}\n             at /rustc/cc66ad468955717ab92600c770da8c1601a4ff33/library/test/src/lib.rs:600:41\n  16: std::sys_common::backtrace::__rust_begin_short_backtrace\n             at /rustc/cc66ad468955717ab92600c770da8c1601a4ff33/library/std/src/sys_common/backtrace.rs:154:18\n  17: std::thread::Builder::spawn_unchecked_::{{closure}}::{{closure}}\n             at /rustc/cc66ad468955717ab92600c770da8c1601a4ff33/library/std/src/thread/mod.rs:529:17\n  18: <core::panic::unwind_safe::AssertUnwindSafe<F> as core::ops::function::FnOnce<()>>::call_once\n             at /rustc/cc66ad468955717ab92600c770da8c1601a4ff33/library/core/src/panic/unwind_safe.rs:271:9\n  19: std::panicking::try::do_call\n             at /rustc/cc66ad468955717ab92600c770da8c1601a4ff33/library/std/src/panicking.rs:502:40\n  20: std::panicking::try\n             at /rustc/cc66ad468955717ab92600c770da8c1601a4ff33/library/std/src/panicking.rs:466:19\n  21: std::panic::catch_unwind\n             at /rustc/cc66ad468955717ab92600c770da8c1601a4ff33/library/std/src/panic.rs:142:14\n  22: std::thread::Builder::spawn_unchecked_::{{closure}}\n             at /rustc/cc66ad468955717ab92600c770da8c1601a4ff33/library/std/src/thread/mod.rs:528:30\n  23: core::ops::function::FnOnce::call_once{{vtable.shim}}\n             at /rustc/cc66ad468955717ab92600c770da8c1601a4ff33/library/core/src/ops/function.rs:250:5\n  24: <alloc::boxed::Box<F,A> as core::ops::function::FnOnce<Args>>::call_once\n             at /rustc/cc66ad468955717ab92600c770da8c1601a4ff33/library/alloc/src/boxed.rs:2007:9\n  25: <alloc::boxed::Box<F,A> as core::ops::function::FnOnce<Args>>::call_once\n             at /rustc/cc66ad468955717ab92600c770da8c1601a4ff33/library/alloc/src/boxed.rs:2007:9\n  26: std::sys::unix::thread::Thread::new::thread_start\n             at /rustc/cc66ad468955717ab92600c770da8c1601a4ff33/library/std/src/sys/unix/thread.rs:108:17\n  27: start_thread\n             at /usr/src/debug/glibc-2.28-225.el8.x86_64/nptl/pthread_create.c:479:8\n  28: __clone\n             at /usr/src/debug/glibc-2.28-225.el8.x86_64/misc/../sysdeps/unix/sysv/linux/x86_64/clone.S:95\n","transaction_accounts":[{"pubkey":"GdYjrkxpigMUKgHDrQMTTf7b3yVYukQTiCeqWUATN1Z6","shared_data":{"lamports":0,"data":"000000000000000000000000000000000000000000000000000000000000000000000000000000000000000000000000000000000000000000000000000000000000000000000000000000000000000000000000000000000000000000000000000000000000000000000000","owner":"Config1111111111111111111111111111111111111","executable":false,"rent_epoch":0}}],"resulting_accounts":[{"lamports":0,"data":"0015cd5b0700000000000000000000000000000000000000000000000000000000000000000000000000000000000000000000000000000000000000000000000000000000000000000000000000000000000000000000000000000000000000000000000000000000000000","owner":"Config1111111111111111111111111111111111111","executable":false,"rent_epoch":0}],"instruction_accounts":[{"index_in_transaction":"0","index_in_caller":0,"index_in_callee":0,"is_signer":true,"is_writable":true}],"expected_result":{"Ok":null}},{"name":"config_processor::tests::test_config_bad_owner","program_id":"Config1111111111111111111111111111111111111","instruction_data":"0015cd5b0700000000","feature_set":"[[115,214,236,4,190,18,249,151,124,91,20,35,202,33,95,92,172,124,65,250,209,248,199,127,13,35,0,225,180,166,241,216],[197,150,195,241,93,91,181,155,16,95,244,214,65,44,105,226,220,140,167,223,111,186,39,96,251,62,91,152,70,228,180,239],[178,179,243,198,180,28,36,75,191,132,217,33,110,103,110,11,69,22,180,214,12,72,233,122,69,38,116,188,157,97,114,224],[230,2,78,209,74,108,250,214,99,47,156,229,173,225,254,203,10,180,70,250,162,186,83,7,110,72,115,213,177,50,249,138],[26,199,65,17,240,68,250,134,63,19,126,166,122,178,212,110,22,16,87,230,150,35,95,39,168,229,240,76,232,241,101,35],[202,214,104,179,136,1,25,63,126,212,222,38,220,28,83,43,249,32,7,110,60,224,213,42,141,136,139,37,218,182,136,210],[108,3,35,254,174,85,155,107,15,165,101,193,24,70,64,227,106,146,103,232,5,194,125,139,136,27,94,202,163,175,110,119],[66,83,147,215,134,82,32,100,206,150,103,118,192,178,61,210,228,210,129,4,94,122,214,144,238,48,119,1,106,84,110,100],[217,249,73,168,234,107,116,33,74,76,20,132,210,115,7,55,193,149,181,220,220,208,7,208,23,43,225,47,255,122,56,79],[212,235,46,203,44,130,191,60,198,171,109,108,188,47,41,3,171,165,87,215,45,196,78,253,188,95,241,192,108,222,162,215],[155,95,162,190,153,253,184,129,125,125,45,207,115,160,246,86,87,234,123,60,106,246,19,89,19,74,47,86,16,17,210,173]]","sysvar_cache":{"clock":"","epoch_schedule":"","epoch_rewards":"","fees":"","rent":"","slot_hashes":"","recent_blockhashes":"","stake_history":"","last_restart_slot":""},"backtrace":"   0: solana_program_runtime::invoke_context::mock_process_instruction\n             at /data/jsiegel/repos/solana/program-runtime/src/invoke_context.rs:1355:15\n   1: solana_config_program::config_processor::tests::process_instruction\n             at ./src/config_processor.rs:165:9\n   2: solana_config_program::config_processor::tests::create_config_account\n             at ./src/config_processor.rs:218:24\n   3: solana_config_program::config_processor::tests::test_config_bad_owner\n             at ./src/config_processor.rs:828:36\n   4: solana_config_program::config_processor::tests::test_config_bad_owner::{{closure}}\n             at ./src/config_processor.rs:821:32\n   5: core::ops::function::FnOnce::call_once\n             at /rustc/cc66ad468955717ab92600c770da8c1601a4ff33/library/core/src/ops/function.rs:250:5\n   6: core::ops::function::FnOnce::call_once\n             at /rustc/cc66ad468955717ab92600c770da8c1601a4ff33/library/core/src/ops/function.rs:250:5\n   7: test::__rust_begin_short_backtrace\n             at /rustc/cc66ad468955717ab92600c770da8c1601a4ff33/library/test/src/lib.rs:626:18\n   8: test::run_test_in_process::{{closure}}\n             at /rustc/cc66ad468955717ab92600c770da8c1601a4ff33/library/test/src/lib.rs:649:60\n   9: <core::panic::unwind_safe::AssertUnwindSafe<F> as core::ops::function::FnOnce<()>>::call_once\n             at /rustc/cc66ad468955717ab92600c770da8c1601a4ff33/library/core/src/panic/unwind_safe.rs:271:9\n  10: std::panicking::try::do_call\n             at /rustc/cc66ad468955717ab92600c770da8c1601a4ff33/library/std/src/panicking.rs:502:40\n  11: std::panicking::try\n             at /rustc/cc66ad468955717ab92600c770da8c1601a4ff33/library/std/src/panicking.rs:466:19\n  12: std::panic::catch_unwind\n             at /rustc/cc66ad468955717ab92600c770da8c1601a4ff33/library/std/src/panic.rs:142:14\n  13: test::run_test_in_process\n             at /rustc/cc66ad468955717ab92600c770da8c1601a4ff33/library/test/src/lib.rs:649:27\n  14: test::run_test::{{closure}}\n             at /rustc/cc66ad468955717ab92600c770da8c1601a4ff33/library/test/src/lib.rs:572:43\n  15: test::run_test::{{closure}}\n             at /rustc/cc66ad468955717ab92600c770da8c1601a4ff33/library/test/src/lib.rs:600:41\n  16: std::sys_common::backtrace::__rust_begin_short_backtrace\n             at /rustc/cc66ad468955717ab92600c770da8c1601a4ff33/library/std/src/sys_common/backtrace.rs:154:18\n  17: std::thread::Builder::spawn_unchecked_::{{closure}}::{{closure}}\n             at /rustc/cc66ad468955717ab92600c770da8c1601a4ff33/library/std/src/thread/mod.rs:529:17\n  18: <core::panic::unwind_safe::AssertUnwindSafe<F> as core::ops::function::FnOnce<()>>::call_once\n             at /rustc/cc66ad468955717ab92600c770da8c1601a4ff33/library/core/src/panic/unwind_safe.rs:271:9\n  19: std::panicking::try::do_call\n             at /rustc/cc66ad468955717ab92600c770da8c1601a4ff33/library/std/src/panicking.rs:502:40\n  20: std::panicking::try\n             at /rustc/cc66ad468955717ab92600c770da8c1601a4ff33/library/std/src/panicking.rs:466:19\n  21: std::panic::catch_unwind\n             at /rustc/cc66ad468955717ab92600c770da8c1601a4ff33/library/std/src/panic.rs:142:14\n  22: std::thread::Builder::spawn_unchecked_::{{closure}}\n             at /rustc/cc66ad468955717ab92600c770da8c1601a4ff33/library/std/src/thread/mod.rs:528:30\n  23: core::ops::function::FnOnce::call_once{{vtable.shim}}\n             at /rustc/cc66ad468955717ab92600c770da8c1601a4ff33/library/core/src/ops/function.rs:250:5\n  24: <alloc::boxed::Box<F,A> as core::ops::function::FnOnce<Args>>::call_once\n             at /rustc/cc66ad468955717ab92600c770da8c1601a4ff33/library/alloc/src/boxed.rs:2007:9\n  25: <alloc::boxed::Box<F,A> as core::ops::function::FnOnce<Args>>::call_once\n             at /rustc/cc66ad468955717ab92600c770da8c1601a4ff33/library/alloc/src/boxed.rs:2007:9\n  26: std::sys::unix::thread::Thread::new::thread_start\n             at /rustc/cc66ad468955717ab92600c770da8c1601a4ff33/library/std/src/sys/unix/thread.rs:108:17\n  27: start_thread\n             at /usr/src/debug/glibc-2.28-225.el8.x86_64/nptl/pthread_create.c:479:8\n  28: __clone\n             at /usr/src/debug/glibc-2.28-225.el8.x86_64/misc/../sysdeps/unix/sysv/linux/x86_64/clone.S:95\n","transaction_accounts":[{"pubkey":"HL6NRw3q7us6CzZwhRBFA8gpKhBNDeHjHX1VAiCrSCub","shared_data":{"lamports":0,"data":"000000000000000000","owner":"Config1111111111111111111111111111111111111","executable":false,"rent_epoch":0}}],"resulting_accounts":[{"lamports":0,"data":"0015cd5b0700000000","owner":"Config1111111111111111111111111111111111111","executable":false,"rent_epoch":0}],"instruction_accounts":[{"index_in_transaction":"0","index_in_caller":0,"index_in_callee":0,"is_signer":true,"is_writable":true}],"expected_result":{"Ok":null}},{"name":"config_processor::tests::test_config_updates_requiring_config","program_id":"Config1111111111111111111111111111111111111","instruction_data":"0015cd5b0700000000","feature_set":"[[197,150,195,241,93,91,181,155,16,95,244,214,65,44,105,226,220,140,167,223,111,186,39,96,251,62,91,152,70,228,180,239],[108,3,35,254,174,85,155,107,15,165,101,193,24,70,64,227,106,146,103,232,5,194,125,139,136,27,94,202,163,175,110,119],[202,214,104,179,136,1,25,63,126,212,222,38,220,28,83,43,249,32,7,110,60,224,213,42,141,136,139,37,218,182,136,210],[212,235,46,203,44,130,191,60,198,171,109,108,188,47,41,3,171,165,87,215,45,196,78,253,188,95,241,192,108,222,162,215],[66,83,147,215,134,82,32,100,206,150,103,118,192,178,61,210,228,210,129,4,94,122,214,144,238,48,119,1,106,84,110,100],[155,95,162,190,153,253,184,129,125,125,45,207,115,160,246,86,87,234,123,60,106,246,19,89,19,74,47,86,16,17,210,173],[115,214,236,4,190,18,249,151,124,91,20,35,202,33,95,92,172,124,65,250,209,248,199,127,13,35,0,225,180,166,241,216],[217,249,73,168,234,107,116,33,74,76,20,132,210,115,7,55,193,149,181,220,220,208,7,208,23,43,225,47,255,122,56,79],[26,199,65,17,240,68,250,134,63,19,126,166,122,178,212,110,22,16,87,230,150,35,95,39,168,229,240,76,232,241,101,35],[230,2,78,209,74,108,250,214,99,47,156,229,173,225,254,203,10,180,70,250,162,186,83,7,110,72,115,213,177,50,249,138],[178,179,243,198,180,28,36,75,191,132,217,33,110,103,110,11,69,22,180,214,12,72,233,122,69,38,116,188,157,97,114,224]]","sysvar_cache":{"clock":"","epoch_schedule":"","epoch_rewards":"","fees":"","rent":"","slot_hashes":"","recent_blockhashes":"","stake_history":"","last_restart_slot":""},"backtrace":"   0: solana_program_runtime::invoke_context::mock_process_instruction\n             at /data/jsiegel/repos/solana/program-runtime/src/invoke_context.rs:1355:15\n   1: solana_config_program::config_processor::tests::process_instruction\n             at ./src/config_processor.rs:165:9\n   2: solana_config_program::config_processor::tests::create_config_account\n             at ./src/config_processor.rs:218:24\n   3: solana_config_program::config_processor::tests::test_config_updates_requiring_config\n             at ./src/config_processor.rs:728:48\n   4: solana_config_program::config_processor::tests::test_config_updates_requiring_config::{{closure}}\n             at ./src/config_processor.rs:718:47\n   5: core::ops::function::FnOnce::call_once\n             at /rustc/cc66ad468955717ab92600c770da8c1601a4ff33/library/core/src/ops/function.rs:250:5\n   6: core::ops::function::FnOnce::call_once\n             at /rustc/cc66ad468955717ab92600c770da8c1601a4ff33/library/core/src/ops/function.rs:250:5\n   7: test::__rust_begin_short_backtrace\n             at /rustc/cc66ad468955717ab92600c770da8c1601a4ff33/library/test/src/lib.rs:626:18\n   8: test::run_test_in_process::{{closure}}\n             at /rustc/cc66ad468955717ab92600c770da8c1601a4ff33/library/test/src/lib.rs:649:60\n   9: <core::panic::unwind_safe::AssertUnwindSafe<F> as core::ops::function::FnOnce<()>>::call_once\n             at /rustc/cc66ad468955717ab92600c770da8c1601a4ff33/library/core/src/panic/unwind_safe.rs:271:9\n  10: std::panicking::try::do_call\n             at /rustc/cc66ad468955717ab92600c770da8c1601a4ff33/library/std/src/panicking.rs:502:40\n  11: std::panicking::try\n             at /rustc/cc66ad468955717ab92600c770da8c1601a4ff33/library/std/src/panicking.rs:466:19\n  12: std::panic::catch_unwind\n             at /rustc/cc66ad468955717ab92600c770da8c1601a4ff33/library/std/src/panic.rs:142:14\n  13: test::run_test_in_process\n             at /rustc/cc66ad468955717ab92600c770da8c1601a4ff33/library/test/src/lib.rs:649:27\n  14: test::run_test::{{closure}}\n             at /rustc/cc66ad468955717ab92600c770da8c1601a4ff33/library/test/src/lib.rs:572:43\n  15: test::run_test::{{closure}}\n             at /rustc/cc66ad468955717ab92600c770da8c1601a4ff33/library/test/src/lib.rs:600:41\n  16: std::sys_common::backtrace::__rust_begin_short_backtrace\n             at /rustc/cc66ad468955717ab92600c770da8c1601a4ff33/library/std/src/sys_common/backtrace.rs:154:18\n  17: std::thread::Builder::spawn_unchecked_::{{closure}}::{{closure}}\n             at /rustc/cc66ad468955717ab92600c770da8c1601a4ff33/library/std/src/thread/mod.rs:529:17\n  18: <core::panic::unwind_safe::AssertUnwindSafe<F> as core::ops::function::FnOnce<()>>::call_once\n             at /rustc/cc66ad468955717ab92600c770da8c1601a4ff33/library/core/src/panic/unwind_safe.rs:271:9\n  19: std::panicking::try::do_call\n             at /rustc/cc66ad468955717ab92600c770da8c1601a4ff33/library/std/src/panicking.rs:502:40\n  20: std::panicking::try\n             at /rustc/cc66ad468955717ab92600c770da8c1601a4ff33/library/std/src/panicking.rs:466:19\n  21: std::panic::catch_unwind\n             at /rustc/cc66ad468955717ab92600c770da8c1601a4ff33/library/std/src/panic.rs:142:14\n  22: std::thread::Builder::spawn_unchecked_::{{closure}}\n             at /rustc/cc66ad468955717ab92600c770da8c1601a4ff33/library/std/src/thread/mod.rs:528:30\n  23: core::ops::function::FnOnce::call_once{{vtable.shim}}\n             at /rustc/cc66ad468955717ab92600c770da8c1601a4ff33/library/core/src/ops/function.rs:250:5\n  24: <alloc::boxed::Box<F,A> as core::ops::function::FnOnce<Args>>::call_once\n             at /rustc/cc66ad468955717ab92600c770da8c1601a4ff33/library/alloc/src/boxed.rs:2007:9\n  25: <alloc::boxed::Box<F,A> as core::ops::function::FnOnce<Args>>::call_once\n             at /rustc/cc66ad468955717ab92600c770da8c1601a4ff33/library/alloc/src/boxed.rs:2007:9\n  26: std::sys::unix::thread::Thread::new::thread_start\n             at /rustc/cc66ad468955717ab92600c770da8c1601a4ff33/library/std/src/sys/unix/thread.rs:108:17\n  27: start_thread\n             at /usr/src/debug/glibc-2.28-225.el8.x86_64/nptl/pthread_create.c:479:8\n  28: __clone\n             at /usr/src/debug/glibc-2.28-225.el8.x86_64/misc/../sysdeps/unix/sysv/linux/x86_64/clone.S:95\n","transaction_accounts":[{"pubkey":"4f6B1qmZkH6kEmJGqjcRxRRjnhYmcXt77eCWW6cSbokT","shared_data":{"lamports":0,"data":"000000000000000000000000000000000000000000000000000000000000000000000000000000000000000000000000000000000000000000000000000000000000000000000000000000000000000000000000000000000000000000000000000000000000000000000000","owner":"Config1111111111111111111111111111111111111","executable":false,"rent_epoch":0}}],"resulting_accounts":[{"lamports":0,"data":"0015cd5b0700000000000000000000000000000000000000000000000000000000000000000000000000000000000000000000000000000000000000000000000000000000000000000000000000000000000000000000000000000000000000000000000000000000000000","owner":"Config1111111111111111111111111111111111111","executable":false,"rent_epoch":0}],"instruction_accounts":[{"index_in_transaction":"0","index_in_caller":0,"index_in_callee":0,"is_signer":true,"is_writable":true}],"expected_result":{"Ok":null}},{"name":"config_processor::tests::test_config_update_contains_duplicates_fails","program_id":"Config1111111111111111111111111111111111111","instruction_data":"0015cd5b0700000000","feature_set":"[[66,83,147,215,134,82,32,100,206,150,103,118,192,178,61,210,228,210,129,4,94,122,214,144,238,48,119,1,106,84,110,100],[212,235,46,203,44,130,191,60,198,171,109,108,188,47,41,3,171,165,87,215,45,196,78,253,188,95,241,192,108,222,162,215],[202,214,104,179,136,1,25,63,126,212,222,38,220,28,83,43,249,32,7,110,60,224,213,42,141,136,139,37,218,182,136,210],[155,95,162,190,153,253,184,129,125,125,45,207,115,160,246,86,87,234,123,60,106,246,19,89,19,74,47,86,16,17,210,173],[230,2,78,209,74,108,250,214,99,47,156,229,173,225,254,203,10,180,70,250,162,186,83,7,110,72,115,213,177,50,249,138],[115,214,236,4,190,18,249,151,124,91,20,35,202,33,95,92,172,124,65,250,209,248,199,127,13,35,0,225,180,166,241,216],[217,249,73,168,234,107,116,33,74,76,20,132,210,115,7,55,193,149,181,220,220,208,7,208,23,43,225,47,255,122,56,79],[108,3,35,254,174,85,155,107,15,165,101,193,24,70,64,227,106,146,103,232,5,194,125,139,136,27,94,202,163,175,110,119],[26,199,65,17,240,68,250,134,63,19,126,166,122,178,212,110,22,16,87,230,150,35,95,39,168,229,240,76,232,241,101,35],[178,179,243,198,180,28,36,75,191,132,217,33,110,103,110,11,69,22,180,214,12,72,233,122,69,38,116,188,157,97,114,224],[197,150,195,241,93,91,181,155,16,95,244,214,65,44,105,226,220,140,167,223,111,186,39,96,251,62,91,152,70,228,180,239]]","sysvar_cache":{"clock":"","epoch_schedule":"","epoch_rewards":"","fees":"","rent":"","slot_hashes":"","recent_blockhashes":"","stake_history":"","last_restart_slot":""},"backtrace":"   0: solana_program_runtime::invoke_context::mock_process_instruction\n             at /data/jsiegel/repos/solana/program-runtime/src/invoke_context.rs:1355:15\n   1: solana_config_program::config_processor::tests::process_instruction\n             at ./src/config_processor.rs:165:9\n   2: solana_config_program::config_processor::tests::create_config_account\n             at ./src/config_processor.rs:218:24\n   3: solana_config_program::config_processor::tests::test_config_update_contains_duplicates_fails\n             at ./src/config_processor.rs:650:48\n   4: solana_config_program::config_processor::tests::test_config_update_contains_duplicates_fails::{{closure}}\n             at ./src/config_processor.rs:638:55\n   5: core::ops::function::FnOnce::call_once\n             at /rustc/cc66ad468955717ab92600c770da8c1601a4ff33/library/core/src/ops/function.rs:250:5\n   6: core::ops::function::FnOnce::call_once\n             at /rustc/cc66ad468955717ab92600c770da8c1601a4ff33/library/core/src/ops/function.rs:250:5\n   7: test::__rust_begin_short_backtrace\n             at /rustc/cc66ad468955717ab92600c770da8c1601a4ff33/library/test/src/lib.rs:626:18\n   8: test::run_test_in_process::{{closure}}\n             at /rustc/cc66ad468955717ab92600c770da8c1601a4ff33/library/test/src/lib.rs:649:60\n   9: <core::panic::unwind_safe::AssertUnwindSafe<F> as core::ops::function::FnOnce<()>>::call_once\n             at /rustc/cc66ad468955717ab92600c770da8c1601a4ff33/library/core/src/panic/unwind_safe.rs:271:9\n  10: std::panicking::try::do_call\n             at /rustc/cc66ad468955717ab92600c770da8c1601a4ff33/library/std/src/panicking.rs:502:40\n  11: std::panicking::try\n             at /rustc/cc66ad468955717ab92600c770da8c1601a4ff33/library/std/src/panicking.rs:466:19\n  12: std::panic::catch_unwind\n             at /rustc/cc66ad468955717ab92600c770da8c1601a4ff33/library/std/src/panic.rs:142:14\n  13: test::run_test_in_process\n             at /rustc/cc66ad468955717ab92600c770da8c1601a4ff33/library/test/src/lib.rs:649:27\n  14: test::run_test::{{closure}}\n             at /rustc/cc66ad468955717ab92600c770da8c1601a4ff33/library/test/src/lib.rs:572:43\n  15: test::run_test::{{closure}}\n             at /rustc/cc66ad468955717ab92600c770da8c1601a4ff33/library/test/src/lib.rs:600:41\n  16: std::sys_common::backtrace::__rust_begin_short_backtrace\n             at /rustc/cc66ad468955717ab92600c770da8c1601a4ff33/library/std/src/sys_common/backtrace.rs:154:18\n  17: std::thread::Builder::spawn_unchecked_::{{closure}}::{{closure}}\n             at /rustc/cc66ad468955717ab92600c770da8c1601a4ff33/library/std/src/thread/mod.rs:529:17\n  18: <core::panic::unwind_safe::AssertUnwindSafe<F> as core::ops::function::FnOnce<()>>::call_once\n             at /rustc/cc66ad468955717ab92600c770da8c1601a4ff33/library/core/src/panic/unwind_safe.rs:271:9\n  19: std::panicking::try::do_call\n             at /rustc/cc66ad468955717ab92600c770da8c1601a4ff33/library/std/src/panicking.rs:502:40\n  20: std::panicking::try\n             at /rustc/cc66ad468955717ab92600c770da8c1601a4ff33/library/std/src/panicking.rs:466:19\n  21: std::panic::catch_unwind\n             at /rustc/cc66ad468955717ab92600c770da8c1601a4ff33/library/std/src/panic.rs:142:14\n  22: std::thread::Builder::spawn_unchecked_::{{closure}}\n             at /rustc/cc66ad468955717ab92600c770da8c1601a4ff33/library/std/src/thread/mod.rs:528:30\n  23: core::ops::function::FnOnce::call_once{{vtable.shim}}\n             at /rustc/cc66ad468955717ab92600c770da8c1601a4ff33/library/core/src/ops/function.rs:250:5\n  24: <alloc::boxed::Box<F,A> as core::ops::function::FnOnce<Args>>::call_once\n             at /rustc/cc66ad468955717ab92600c770da8c1601a4ff33/library/alloc/src/boxed.rs:2007:9\n  25: <alloc::boxed::Box<F,A> as core::ops::function::FnOnce<Args>>::call_once\n             at /rustc/cc66ad468955717ab92600c770da8c1601a4ff33/library/alloc/src/boxed.rs:2007:9\n  26: std::sys::unix::thread::Thread::new::thread_start\n             at /rustc/cc66ad468955717ab92600c770da8c1601a4ff33/library/std/src/sys/unix/thread.rs:108:17\n  27: start_thread\n             at /usr/src/debug/glibc-2.28-225.el8.x86_64/nptl/pthread_create.c:479:8\n  28: __clone\n             at /usr/src/debug/glibc-2.28-225.el8.x86_64/misc/../sysdeps/unix/sysv/linux/x86_64/clone.S:95\n","transaction_accounts":[{"pubkey":"GuhVtnrPVPnLAFvX7TUUAcaR3PCAcT3DHFnYgKNRFiKT","shared_data":{"lamports":0,"data":"000000000000000000000000000000000000000000000000000000000000000000000000000000000000000000000000000000000000000000000000000000000000000000000000000000000000000000000000000000000000000000000000000000000000000000000000","owner":"Config1111111111111111111111111111111111111","executable":false,"rent_epoch":0}}],"resulting_accounts":[{"lamports":0,"data":"0015cd5b0700000000000000000000000000000000000000000000000000000000000000000000000000000000000000000000000000000000000000000000000000000000000000000000000000000000000000000000000000000000000000000000000000000000000000","owner":"Config1111111111111111111111111111111111111","executable":false,"rent_epoch":0}],"instruction_accounts":[{"index_in_transaction":"0","index_in_caller":0,"index_in_callee":0,"is_signer":true,"is_writable":true}],"expected_result":{"Ok":null}},{"name":"config_processor::tests::test_process_create_ok","program_id":"Config1111111111111111111111111111111111111","instruction_data":"0015cd5b0700000000","feature_set":"[[197,150,195,241,93,91,181,155,16,95,244,214,65,44,105,226,220,140,167,223,111,186,39,96,251,62,91,152,70,228,180,239],[230,2,78,209,74,108,250,214,99,47,156,229,173,225,254,203,10,180,70,250,162,186,83,7,110,72,115,213,177,50,249,138],[155,95,162,190,153,253,184,129,125,125,45,207,115,160,246,86,87,234,123,60,106,246,19,89,19,74,47,86,16,17,210,173],[66,83,147,215,134,82,32,100,206,150,103,118,192,178,61,210,228,210,129,4,94,122,214,144,238,48,119,1,106,84,110,100],[212,235,46,203,44,130,191,60,198,171,109,108,188,47,41,3,171,165,87,215,45,196,78,253,188,95,241,192,108,222,162,215],[202,214,104,179,136,1,25,63,126,212,222,38,220,28,83,43,249,32,7,110,60,224,213,42,141,136,139,37,218,182,136,210],[217,249,73,168,234,107,116,33,74,76,20,132,210,115,7,55,193,149,181,220,220,208,7,208,23,43,225,47,255,122,56,79],[26,199,65,17,240,68,250,134,63,19,126,166,122,178,212,110,22,16,87,230,150,35,95,39,168,229,240,76,232,241,101,35],[108,3,35,254,174,85,155,107,15,165,101,193,24,70,64,227,106,146,103,232,5,194,125,139,136,27,94,202,163,175,110,119],[115,214,236,4,190,18,249,151,124,91,20,35,202,33,95,92,172,124,65,250,209,248,199,127,13,35,0,225,180,166,241,216],[178,179,243,198,180,28,36,75,191,132,217,33,110,103,110,11,69,22,180,214,12,72,233,122,69,38,116,188,157,97,114,224]]","sysvar_cache":{"clock":"","epoch_schedule":"","epoch_rewards":"","fees":"","rent":"","slot_hashes":"","recent_blockhashes":"","stake_history":"","last_restart_slot":""},"backtrace":"   0: solana_program_runtime::invoke_context::mock_process_instruction\n             at /data/jsiegel/repos/solana/program-runtime/src/invoke_context.rs:1355:15\n   1: solana_config_program::config_processor::tests::process_instruction\n             at ./src/config_processor.rs:165:9\n   2: solana_config_program::config_processor::tests::create_config_account\n             at ./src/config_processor.rs:218:24\n   3: solana_config_program::config_processor::tests::test_process_create_ok\n             at ./src/config_processor.rs:234:35\n   4: solana_config_program::config_processor::tests::test_process_create_ok::{{closure}}\n             at ./src/config_processor.rs:232:33\n   5: core::ops::function::FnOnce::call_once\n             at /rustc/cc66ad468955717ab92600c770da8c1601a4ff33/library/core/src/ops/function.rs:250:5\n   6: core::ops::function::FnOnce::call_once\n             at /rustc/cc66ad468955717ab92600c770da8c1601a4ff33/library/core/src/ops/function.rs:250:5\n   7: test::__rust_begin_short_backtrace\n             at /rustc/cc66ad468955717ab92600c770da8c1601a4ff33/library/test/src/lib.rs:626:18\n   8: test::run_test_in_process::{{closure}}\n             at /rustc/cc66ad468955717ab92600c770da8c1601a4ff33/library/test/src/lib.rs:649:60\n   9: <core::panic::unwind_safe::AssertUnwindSafe<F> as core::ops::function::FnOnce<()>>::call_once\n             at /rustc/cc66ad468955717ab92600c770da8c1601a4ff33/library/core/src/panic/unwind_safe.rs:271:9\n  10: std::panicking::try::do_call\n             at /rustc/cc66ad468955717ab92600c770da8c1601a4ff33/library/std/src/panicking.rs:502:40\n  11: std::panicking::try\n             at /rustc/cc66ad468955717ab92600c770da8c1601a4ff33/library/std/src/panicking.rs:466:19\n  12: std::panic::catch_unwind\n             at /rustc/cc66ad468955717ab92600c770da8c1601a4ff33/library/std/src/panic.rs:142:14\n  13: test::run_test_in_process\n             at /rustc/cc66ad468955717ab92600c770da8c1601a4ff33/library/test/src/lib.rs:649:27\n  14: test::run_test::{{closure}}\n             at /rustc/cc66ad468955717ab92600c770da8c1601a4ff33/library/test/src/lib.rs:572:43\n  15: test::run_test::{{closure}}\n             at /rustc/cc66ad468955717ab92600c770da8c1601a4ff33/library/test/src/lib.rs:600:41\n  16: std::sys_common::backtrace::__rust_begin_short_backtrace\n             at /rustc/cc66ad468955717ab92600c770da8c1601a4ff33/library/std/src/sys_common/backtrace.rs:154:18\n  17: std::thread::Builder::spawn_unchecked_::{{closure}}::{{closure}}\n             at /rustc/cc66ad468955717ab92600c770da8c1601a4ff33/library/std/src/thread/mod.rs:529:17\n  18: <core::panic::unwind_safe::AssertUnwindSafe<F> as core::ops::function::FnOnce<()>>::call_once\n             at /rustc/cc66ad468955717ab92600c770da8c1601a4ff33/library/core/src/panic/unwind_safe.rs:271:9\n  19: std::panicking::try::do_call\n             at /rustc/cc66ad468955717ab92600c770da8c1601a4ff33/library/std/src/panicking.rs:502:40\n  20: std::panicking::try\n             at /rustc/cc66ad468955717ab92600c770da8c1601a4ff33/library/std/src/panicking.rs:466:19\n  21: std::panic::catch_unwind\n             at /rustc/cc66ad468955717ab92600c770da8c1601a4ff33/library/std/src/panic.rs:142:14\n  22: std::thread::Builder::spawn_unchecked_::{{closure}}\n             at /rustc/cc66ad468955717ab92600c770da8c1601a4ff33/library/std/src/thread/mod.rs:528:30\n  23: core::ops::function::FnOnce::call_once{{vtable.shim}}\n             at /rustc/cc66ad468955717ab92600c770da8c1601a4ff33/library/core/src/ops/function.rs:250:5\n  24: <alloc::boxed::Box<F,A> as core::ops::function::FnOnce<Args>>::call_once\n             at /rustc/cc66ad468955717ab92600c770da8c1601a4ff33/library/alloc/src/boxed.rs:2007:9\n  25: <alloc::boxed::Box<F,A> as core::ops::function::FnOnce<Args>>::call_once\n             at /rustc/cc66ad468955717ab92600c770da8c1601a4ff33/library/alloc/src/boxed.rs:2007:9\n  26: std::sys::unix::thread::Thread::new::thread_start\n             at /rustc/cc66ad468955717ab92600c770da8c1601a4ff33/library/std/src/sys/unix/thread.rs:108:17\n  27: start_thread\n             at /usr/src/debug/glibc-2.28-225.el8.x86_64/nptl/pthread_create.c:479:8\n  28: __clone\n             at /usr/src/debug/glibc-2.28-225.el8.x86_64/misc/../sysdeps/unix/sysv/linux/x86_64/clone.S:95\n","transaction_accounts":[{"pubkey":"BQiL2zbmfizG9Vkn9woDfugUrwrSZtANXYTzBd11eWsi","shared_data":{"lamports":0,"data":"000000000000000000","owner":"Config1111111111111111111111111111111111111","executable":false,"rent_epoch":0}}],"resulting_accounts":[{"lamports":0,"data":"0015cd5b0700000000","owner":"Config1111111111111111111111111111111111111","executable":false,"rent_epoch":0}],"instruction_accounts":[{"index_in_transaction":"0","index_in_caller":0,"index_in_callee":0,"is_signer":true,"is_writable":true}],"expected_result":{"Ok":null}},{"name":"config_processor::tests::test_process_store_fail_instruction_data_too_large","program_id":"Config1111111111111111111111111111111111111","instruction_data":"0015cd5b0700000000","feature_set":"[[202,214,104,179,136,1,25,63,126,212,222,38,220,28,83,43,249,32,7,110,60,224,213,42,141,136,139,37,218,182,136,210],[155,95,162,190,153,253,184,129,125,125,45,207,115,160,246,86,87,234,123,60,106,246,19,89,19,74,47,86,16,17,210,173],[66,83,147,215,134,82,32,100,206,150,103,118,192,178,61,210,228,210,129,4,94,122,214,144,238,48,119,1,106,84,110,100],[178,179,243,198,180,28,36,75,191,132,217,33,110,103,110,11,69,22,180,214,12,72,233,122,69,38,116,188,157,97,114,224],[115,214,236,4,190,18,249,151,124,91,20,35,202,33,95,92,172,124,65,250,209,248,199,127,13,35,0,225,180,166,241,216],[108,3,35,254,174,85,155,107,15,165,101,193,24,70,64,227,106,146,103,232,5,194,125,139,136,27,94,202,163,175,110,119],[26,199,65,17,240,68,250,134,63,19,126,166,122,178,212,110,22,16,87,230,150,35,95,39,168,229,240,76,232,241,101,35],[197,150,195,241,93,91,181,155,16,95,244,214,65,44,105,226,220,140,167,223,111,186,39,96,251,62,91,152,70,228,180,239],[217,249,73,168,234,107,116,33,74,76,20,132,210,115,7,55,193,149,181,220,220,208,7,208,23,43,225,47,255,122,56,79],[212,235,46,203,44,130,191,60,198,171,109,108,188,47,41,3,171,165,87,215,45,196,78,253,188,95,241,192,108,222,162,215],[230,2,78,209,74,108,250,214,99,47,156,229,173,225,254,203,10,180,70,250,162,186,83,7,110,72,115,213,177,50,249,138]]","sysvar_cache":{"clock":"","epoch_schedule":"","epoch_rewards":"","fees":"","rent":"","slot_hashes":"","recent_blockhashes":"","stake_history":"","last_restart_slot":""},"backtrace":"   0: solana_program_runtime::invoke_context::mock_process_instruction\n             at /data/jsiegel/repos/solana/program-runtime/src/invoke_context.rs:1355:15\n   1: solana_config_program::config_processor::tests::process_instruction\n             at ./src/config_processor.rs:165:9\n   2: solana_config_program::config_processor::tests::create_config_account\n             at ./src/config_processor.rs:218:24\n   3: solana_config_program::config_processor::tests::test_process_store_fail_instruction_data_too_large\n             at ./src/config_processor.rs:270:48\n   4: solana_config_program::config_processor::tests::test_process_store_fail_instruction_data_too_large::{{closure}}\n             at ./src/config_processor.rs:267:61\n   5: core::ops::function::FnOnce::call_once\n             at /rustc/cc66ad468955717ab92600c770da8c1601a4ff33/library/core/src/ops/function.rs:250:5\n   6: core::ops::function::FnOnce::call_once\n             at /rustc/cc66ad468955717ab92600c770da8c1601a4ff33/library/core/src/ops/function.rs:250:5\n   7: test::__rust_begin_short_backtrace\n             at /rustc/cc66ad468955717ab92600c770da8c1601a4ff33/library/test/src/lib.rs:626:18\n   8: test::run_test_in_process::{{closure}}\n             at /rustc/cc66ad468955717ab92600c770da8c1601a4ff33/library/test/src/lib.rs:649:60\n   9: <core::panic::unwind_safe::AssertUnwindSafe<F> as core::ops::function::FnOnce<()>>::call_once\n             at /rustc/cc66ad468955717ab92600c770da8c1601a4ff33/library/core/src/panic/unwind_safe.rs:271:9\n  10: std::panicking::try::do_call\n             at /rustc/cc66ad468955717ab92600c770da8c1601a4ff33/library/std/src/panicking.rs:502:40\n  11: std::panicking::try\n             at /rustc/cc66ad468955717ab92600c770da8c1601a4ff33/library/std/src/panicking.rs:466:19\n  12: std::panic::catch_unwind\n             at /rustc/cc66ad468955717ab92600c770da8c1601a4ff33/library/std/src/panic.rs:142:14\n  13: test::run_test_in_process\n             at /rustc/cc66ad468955717ab92600c770da8c1601a4ff33/library/test/src/lib.rs:649:27\n  14: test::run_test::{{closure}}\n             at /rustc/cc66ad468955717ab92600c770da8c1601a4ff33/library/test/src/lib.rs:572:43\n  15: test::run_test::{{closure}}\n             at /rustc/cc66ad468955717ab92600c770da8c1601a4ff33/library/test/src/lib.rs:600:41\n  16: std::sys_common::backtrace::__rust_begin_short_backtrace\n             at /rustc/cc66ad468955717ab92600c770da8c1601a4ff33/library/std/src/sys_common/backtrace.rs:154:18\n  17: std::thread::Builder::spawn_unchecked_::{{closure}}::{{closure}}\n             at /rustc/cc66ad468955717ab92600c770da8c1601a4ff33/library/std/src/thread/mod.rs:529:17\n  18: <core::panic::unwind_safe::AssertUnwindSafe<F> as core::ops::function::FnOnce<()>>::call_once\n             at /rustc/cc66ad468955717ab92600c770da8c1601a4ff33/library/core/src/panic/unwind_safe.rs:271:9\n  19: std::panicking::try::do_call\n             at /rustc/cc66ad468955717ab92600c770da8c1601a4ff33/library/std/src/panicking.rs:502:40\n  20: std::panicking::try\n             at /rustc/cc66ad468955717ab92600c770da8c1601a4ff33/library/std/src/panicking.rs:466:19\n  21: std::panic::catch_unwind\n             at /rustc/cc66ad468955717ab92600c770da8c1601a4ff33/library/std/src/panic.rs:142:14\n  22: std::thread::Builder::spawn_unchecked_::{{closure}}\n             at /rustc/cc66ad468955717ab92600c770da8c1601a4ff33/library/std/src/thread/mod.rs:528:30\n  23: core::ops::function::FnOnce::call_once{{vtable.shim}}\n             at /rustc/cc66ad468955717ab92600c770da8c1601a4ff33/library/core/src/ops/function.rs:250:5\n  24: <alloc::boxed::Box<F,A> as core::ops::function::FnOnce<Args>>::call_once\n             at /rustc/cc66ad468955717ab92600c770da8c1601a4ff33/library/alloc/src/boxed.rs:2007:9\n  25: <alloc::boxed::Box<F,A> as core::ops::function::FnOnce<Args>>::call_once\n             at /rustc/cc66ad468955717ab92600c770da8c1601a4ff33/library/alloc/src/boxed.rs:2007:9\n  26: std::sys::unix::thread::Thread::new::thread_start\n             at /rustc/cc66ad468955717ab92600c770da8c1601a4ff33/library/std/src/sys/unix/thread.rs:108:17\n  27: start_thread\n             at /usr/src/debug/glibc-2.28-225.el8.x86_64/nptl/pthread_create.c:479:8\n  28: __clone\n             at /usr/src/debug/glibc-2.28-225.el8.x86_64/misc/../sysdeps/unix/sysv/linux/x86_64/clone.S:95\n","transaction_accounts":[{"pubkey":"AuHvFUb6cRvA3kfUApMDMCNBboNLk8QPng1feugrfmuX","shared_data":{"lamports":0,"data":"000000000000000000","owner":"Config1111111111111111111111111111111111111","executable":false,"rent_epoch":0}}],"resulting_accounts":[{"lamports":0,"data":"0015cd5b0700000000","ow